215
238
349
899
904
1006
1042
1047
1151
1495
1795
1835
2171
2800
3139
3151
3173
3848
4029
4118
4714
4795
4828
5221
5252
5519
5687
6016
6173
6690
6691
6880
7226
7610
8465
8570
9967
10127
10350
10413
10512
10836
11823
11849
11920
11989
12027
12190
12248
12358
12391
12486
12607
12641
12668
12731
13057
13229
13239
13544
13621
13711
14183
14185
14215
14222
14824
14849
14888
14901
14973
14994
15005
15168
15272
15273
15274
15275
15293
15646
15953
15957
16071
16083
16119
16471
16557
16568
16808
16815
16816
17124
17593
17965
18289
18301
18363
18366
18382
18406
18449
18451
18475
18512
18545
18702
18705
18706
18870
18904
19318
19357
19553
19913
20191
20524
20602
20654
21070
21080
21088
21112
23355
23422
23646
23711
23851
24157
24273
24460
24469
24513
24725
24845
24893
24911
25020
25037
25047
25096
25225
25231
25275
25614
25617
25683
25784
26808
26853
26862
26994
27051
27089
27133
27135
27143
27174
27192
27202
27322
27323
27366
27375
27707
27737
27779
27851
27889
27935
27966
28002
28005
28066
28116
28135
28139
28145
28177
28184
28200
28211
28213
28227
28242
28275
28296
28297
28312
28479
28590
28661
28688
28824
30016
30186
31305
31306
31309
31370
31371
